+-----------+------------------+-------+--------+--------+------------+
|   Input   |      Output      | Nodes | Edges  | Routes | Iterations |
+-----------+------------------+-------+--------+--------+------------+
|   g5.txt  |  g5_output.txt   |   5   |   9    |   20   |    125     |
|  g10.txt  |  g10_output.txt  |   10  |   39   |   90   |    1000    |
|  g100.txt | g100_output.txt  |  100  |  4931  |  9900  |  1000000   |
|  g200.txt | g200_output.txt  |  200  | 19909  | 39800  |  8000000   |
|  g500.txt | g500_output.txt  |  500  | 125187 | 249500 | 125000000  |
| g1000.txt | g1000_output.txt |  1000 | 499083 | 999000 | 1000000000 |
+-----------+------------------+-------+--------+--------+------------+
+------------+-------+-----+----------------------------------+--------+------------+
| Input file | Start | End |               Path               | Length | Iterations |
+------------+-------+-----+----------------------------------+--------+------------+
|  b10.txt   |   3   |  9  |           [3, 5, 7, 9]           |   4    |     4      |
|  b10.txt   |   8   |  9  |         [8, 4, 5, 7, 9]          |   5    |     6      |
|  b20.txt   |   10  |  11 |     [10, 18, 13, 14, 17, 11]     |   6    |     9      |
|  b20.txt   |   5   |  7  | [5, 18, 13, 14, 17, 11, 2, 3, 7] |   9    |     44     |
|  b50.txt   |   5   |  7  |          [5, 10, 11, 7]          |   4    |    200     |
|  b50.txt   |   7   |  9  |            [7, 25, 9]            |   3    |     91     |
|  b100.txt  |   6   |  9  |          [6, 14, 27, 9]          |   4    |    1220    |
|  b100.txt  |   99  | 100 |            [99, 100]             |   2    |    187     |
+------------+-------+-----+----------------------------------+--------+------------+
+------------+------------------------+-------+--------+------------------------------------------------------------------------------------------------------------------------------------------------------------------------------------------------------------------------------------------------------------------------------------------------------------------------------------------------------------------------------------------------------------------------------------------------------------------------------------------------------------------------------------------+--------+------------+
| Input file |      Output file       | Width | Height |                                                                                                                                                                                                                                                                   Path                                                                                                                                                                                                                                                                   | Length | Iterations |
+------------+------------------------+-------+--------+------------------------------------------------------------------------------------------------------------------------------------------------------------------------------------------------------------------------------------------------------------------------------------------------------------------------------------------------------------------------------------------------------------------------------------------------------------------------------------------------------------------------------------------+--------+------------+
|  m5x5.txt  |  Lab5/m5x5_output.txt  |   5   |   5    |                                                                                                                                                                                                                                         [(3, 0), (3, 1), (3, 2), (2, 2), (1, 2), (1, 3), (0, 3)]                                                                                                                                                                                                                                         |   7    |     9      |
| m15x8.txt  | Lab5/m15x8_output.txt  |   15  |   8    |                                                                                                                                                                        [(7, 7), (6, 7), (6, 6), (6, 5), (5, 5), (4, 5), (3, 5), (3, 6), (3, 7), (3, 8), (2, 8), (1, 8), (1, 9), (1, 10), (2, 10), (3, 10), (3, 11), (3, 12), (3, 13), (2, 13), (1, 13), (0, 13)]                                                                                                                                                                         |   22   |     38     |
| m15x15.txt | Lab5/m15x15_output.txt |   15  |   15   | [(13, 0), (13, 1), (13, 2), (13, 3), (13, 4), (13, 5), (13, 6), (13, 7), (13, 8), (13, 9), (12, 9), (11, 9), (10, 9), (10, 10), (10, 11), (11, 11), (12, 11), (12, 12), (12, 13), (11, 13), (10, 13), (9, 13), (8, 13), (8, 12), (8, 11), (8, 10), (8, 9), (8, 8), (8, 7), (9, 7), (10, 7), (10, 6), (10, 5), (10, 4), (10, 3), (9, 3), (8, 3), (7, 3), (6, 3), (6, 4), (6, 5), (5, 5), (4, 5), (3, 5), (3, 6), (3, 7), (3, 8), (2, 8), (1, 8), (1, 9), (1, 10), (2, 10), (3, 10), (3, 11), (3, 12), (3, 13), (2, 13), (1, 13), (0, 13)] |   59   |     82     |
+------------+------------------------+-------+--------+------------------------------------------------------------------------------------------------------------------------------------------------------------------------------------------------------------------------------------------------------------------------------------------------------------------------------------------------------------------------------------------------------------------------------------------------------------------------------------------------------------------------------------------+--------+------------+

+------------+------------------------+-------+--------+-------------------------------------------------------------------------------------------------------------------------------------------------------------------------------------------+--------+------------+
| Input file |      Output file       | Width | Height |                                                                                            Path                                                                                           | Length | Iterations |
+------------+------------------------+-------+--------+-------------------------------------------------------------------------------------------------------------------------------------------------------------------------------------------+--------+------------+
|  m5x5.txt  |  Lab5/m5x5_output.txt  |   5   |   5    |                                                                  [(3, 0), (3, 1), (3, 2), (2, 2), (1, 2), (1, 3), (0, 3)]                                                                 |   7    |     9      |
| m15x8.txt  | Lab5/m15x8_output.txt  |   15  |   8    | [(7, 7), (6, 7), (6, 6), (6, 5), (5, 5), (4, 5), (3, 5), (3, 6), (3, 7), (3, 8), (2, 8), (1, 8), (1, 9), (1, 10), (2, 10), (3, 10), (3, 11), (3, 12), (3, 13), (2, 13), (1, 13), (0, 13)] |   22   |     38     |
| m15x15.txt | Lab5/m15x15_output.txt |   15  |   15   |                                                                                 Path is too long for table                                                                                |   59   |     82     |
+------------+------------------------+-------+--------+-------------------------------------------------------------------------------------------------------------------------------------------------------------------------------------------+--------+------------+



