140
[288, 149]
[288, 129]
[270, 133]
[256, 141]
[228, 161]
[196, 161]
[188, 145]
[172, 145]
[164, 145]
[156, 145]
[148, 145]
[140, 145]
[132, 145]
[124, 145]
[116, 145]
[132, 137]
[140, 137]
[148, 137]
[156, 137]
[164, 137]
[172, 125]
[172, 117]
[172, 109]
[172, 101]
[172, 93]
[180, 85]
[172, 85]
[104, 97]
[104, 105]
[104, 113]
[104, 121]
[104, 129]
[104, 137]
[104, 145]
[104, 153]
[80, 157]
[64, 157]
[56, 153]
[56, 145]
[56, 137]
[56, 129]
[56, 121]
[56, 113]
[56, 105]
[56, 97]
[56, 89]
[56, 81]
[48, 83]
[40, 83]
[32, 81]
[32, 73]
[40, 73]
[48, 73]
[56, 73]
[56, 65]
[48, 63]
[40, 63]
[32, 65]
[32, 57]
[32, 49]
[40, 51]
[48, 51]
[56, 49]
[56, 57]
[72, 49]
[72, 41]
[64, 41]
[56, 41]
[56, 33]
[56, 25]
[56, 17]
[56, 9]
[44, 11]
[32, 17]
[24, 17]
[16, 17]
[16, 25]
[24, 25]
[32, 25]
[44, 27]
[44, 35]
[44, 43]
[32, 41]
[24, 45]
[8, 41]
[8, 49]
[8, 57]
[16, 57]
[8, 65]
[8, 73]
[8, 81]
[8, 89]
[8, 97]
[8, 109]
[16, 109]
[16, 97]
[24, 89]
[32, 89]
[32, 97]
[40, 99]
[48, 99]
[40, 113]
[32, 113]
[32, 121]
[40, 121]
[40, 129]
[32, 129]
[32, 137]
[40, 137]
[32, 145]
[40, 145]
[40, 153]
[32, 153]
[32, 161]
[32, 169]
[40, 169]
[40, 161]
[56, 161]
[56, 169]
[64, 165]
[90, 165]
[104, 169]
[104, 161]
[116, 161]
[124, 169]
[132, 169]
[140, 169]
[148, 169]
[156, 169]
[164, 169]
[172, 169]
[188, 169]
[196, 169]
[204, 169]
[212, 169]
[220, 169]
[228, 169]
[236, 169]
[246, 157]
[256, 157]
