70
[288, 149]
[288, 129]
[270, 133]
[256, 141]
[228, 161]
[196, 161]
[188, 145]
[172, 145]
[164, 145]
[156, 145]
[148, 145]
[140, 145]
[104, 153]
[56, 113]
[56, 105]
[48, 99]
[40, 99]
[32, 97]
[32, 89]
[24, 89]
[16, 97]
[8, 97]
[8, 109]
[16, 109]
[32, 113]
[32, 121]
[32, 129]
[32, 137]
[32, 145]
[32, 153]
[32, 161]
[32, 169]
[40, 169]
[40, 161]
[40, 153]
[40, 145]
[40, 137]
[40, 129]
[40, 121]
[40, 113]
[56, 121]
[56, 129]
[56, 137]
[56, 145]
[56, 153]
[56, 161]
[56, 169]
[64, 165]
[64, 157]
[80, 157]
[90, 165]
[104, 169]
[104, 161]
[116, 161]
[124, 169]
[132, 169]
[140, 169]
[148, 169]
[156, 169]
[164, 169]
[172, 169]
[188, 169]
[196, 169]
[204, 169]
[212, 169]
[220, 169]
[228, 169]
[236, 169]
[246, 157]
[256, 157]
