2494339153
783790829
3710759176
918414615
2548189200
794882147
80449871
1203866466
3541044019
537105973
3183864057
3660506339
847250357
1928209718
2876877668
1957901667
2341465553
3047536451
1578271168
3293841137
3383064928
3046011254
2805308051
806936370
1962808531
3706862204
908001207
1347015976
1488222141
2946608125
1821005694
1857875775
449351021
1339246930
1998186455
1419440907
135821748
4134764042
1000300430
970738498
2025240302
2478592970
1888780640
2630624164
824224962
1114244805
96208025
3495839149
3419264052
3714340873
184988498
1884324953
411873824
220938537
372811799
1543864671
607673011
3513820242
3687378591
3828694640
1353952159
3478933933
570008065
1847534674
4282715936
292613352
3325977928
551879040
3739623245
3118469723
1929661788
4144552956
2285203924
2412813515
2667990257
2237136886
3622199713
3366552773
1047083573
3660062604
1843064463
1760519087
2406833594
376176785
2772645936
1451631902
3353728874
1800846918
2708554462
326896006
514416646
2724887470
670789373
1457926932
2107826930
1730109104
3185689800
3939016766
1588373013
901059930
814086995
2564505310
1632079766
1497259317
3047341203