3047341203
1497259317
1632079766
2564505310
814086995
901059930
1588373013
3939016766
3185689800
1730109104
2107826930
1457926932
670789373
2724887470
514416646
326896006
2708554462
1800846918
3353728874
1451631902
2772645936
376176785
2406833594
1760519087
1843064463
3660062604
1047083573
3366552773
3622199713
2237136886
2667990257
2412813515
2285203924
4144552956
1929661788
3118469723
3739623245
551879040
3325977928
292613352
4282715936
1847534674
570008065
3478933933
1353952159
3828694640
3687378591
3513820242
607673011
1543864671
372811799
220938537
411873824
1884324953
184988498
3714340873
3419264052
3495839149
96208025
1114244805
824224962
2630624164
1888780640
2478592970
2025240302
970738498
1000300430
4134764042
135821748
1419440907
1998186455
1339246930
449351021
1857875775
1821005694
2946608125
1488222141
1347015976
908001207
3706862204
1962808531
806936370
2805308051
3046011254
3383064928
3293841137
1578271168
3047536451
2341465553
1957901667
2876877668
1928209718
847250357
3660506339
3183864057
537105973
3541044019
1203866466
80449871
794882147
2548189200
918414615
3710759176
783790829
2494339153