316616531
3539338615
3716283607
1817195030
3210605985
2586434038
1902193678
4244917233
2285438315
395397353
323260210
3792110028
3583021973
4280347436
2390153497
2860835598
3094079457
3615654839
4229797161
1494431989
2395847352
14287664
384495596
177067628
13239991
923693485
20532856
4131796093
248622749
2556185674
2799262076
3263579120
670770437
846795868
1590956654
1287020279
250135550
4043854803
169872412
3528783799
3112486322
2790708782
2657396792
2517209505
2684056525
2786726183
4188087181
537134027
56532276
4158959591
371551765
1654703806
775304263
1515945750
47192970
3995084989
178275630
3192581342
1074772524
620168491
2819991948
3876379846
1865380518
2340357121
2239237158
653790982
3083357234
855212589
141483865
1173196127
3544832955
3419387433
304279025
1777834595
1024836365
2485533958
4088786268
4078388043
318561040
4168279796
392838751
3287208323
293573666
1493424054
2434549402
472517099
3079023260
396039080
2592240086
161877565
2647399860
3873040127
4193647340
3618571233
2661538745
2278787982
2343868775
40523155
1382511811
3727988914
1647441255
219032616
3928875897
1471186933
1744809816
3697551424
259834149
882812146
3600241571
1947267248